Имя,Фамилия,Номер,Должность
Акакий,Кэниустович,88005553535,Директор
Людмила,Контентовна,3564533254,Контент-менеджер
Даниил,Морозов,43578756544,Электрик
